=== Запуск с 1 процессами ===
Размер	Процессов	Время(сек)	Объем задачи	Ускорение	Эффективность(%)
200	1	0.007	16000000	1.08	108.1
400	1	0.049	128000000	1.18	117.8
800	1	0.418	1024000000	1.26	126.3
1200	1	1.530	3456000000	1.64	164.2
1600	1	3.683	8192000000	2.03	202.6
2000	1	7.893	16000000000	3.11	311.0

=== Запуск с 2 процессами ===
200	2	0.004	16000000	2.06	102.8
400	2	0.029	128000000	2.16	107.9
800	2	0.449	1024000000	2.51	125.7
1200	2	0.864	3456000000	3.78	189.1
1600	2	3.276	8192000000	2.67	133.3
2000	2	6.676	16000000000	4.56	228.2

=== Запуск с 4 процессами ===
200	4	0.002	16000000	3.85	96.1
400	4	0.023	128000000	3.15	78.8
800	4	0.339	1024000000	2.50	62.5
1200	4	0.847	3456000000	4.98	124.6
1600	4	3.246	8192000000	3.46	86.4
2000	4	4.435	16000000000	7.32	182.9

=== Запуск с 6 процессами ===
200	6	0.002	16000000	3.04	50.6
400	6	0.013	128000000	5.64	93.9
800	6	0.293	1024000000	2.32	38.7
1200	6	1.013	3456000000	3.64	60.7
1600	6	2.434	8192000000	4.25	70.8
2000	6	3.132	16000000000	8.67	144.4

=== Запуск с 8 процессами ===
200	8	0.002	16000000	3.98	49.7
400	8	0.015	128000000	4.11	51.4
800	8	0.180	1024000000	3.14	39.3
1200	8	0.666	3456000000	4.14	51.7
1600	8	1.536	8192000000	5.04	63.0
2000	8	3.034	16000000000	9.31	116.4

=== Запуск с 12 процессами ===
200	12	0.002	16000000	4.78	39.8
400	12	0.012	128000000	5.13	42.8
800	12	0.205	1024000000	2.89	24.0
1200	12	0.633	3456000000	4.08	34.0
1600	12	1.556	8192000000	4.91	40.9
2000	12	2.989	16000000000	8.43	70.2
